20190508180350_01020627642_171_6,192 755 662 192 678 476 662 408 690 2 125 610 662 220 640 125 662 179 192 661 123 662 
20190508180350_01020627642_171_7,691 496 662 566 551 125 179 101 662 334 724 662 758 398 15 662 192 375 502 62 661 123 662 
20190508180350_01020627642_171_8,408 690 2 662 705 425 662 592 662 519 662 749 784 662 518 342 446 662 739 276 620 428 661 662 
20190508180350_01020627642_171_9,534 464 619 625 662 192 276 425 662 690 784 101 662 534 464 125 662 622 662 469 662 99 145 15 662 62 294 375 662 502 62 661 123 662 
20190508180553_01049417469_156_0,652 384 705 784 662 334 305 662 380 412 610 662 749 62 661 123 662 
20190508180553_01049417469_156_1,106 428 662 749 398 64 662 334 563 412 610 662 746 446 807 130 662 509 251 192 662 749 62 661 123 662 
20190508180553_01049417469_156_2,384 638 610 533 788 326 784 662 334 305 201 662 749 62 661 123 662 
20190508180553_01049417469_156_3,354 399 502 784 662 294 179 662 788 326 727 662 739 276 620 428 661 662 
20190508180553_01049417469_156_4,573 763 304 662 788 326 192 662 660 623 62 662 502 62 661 123 662 
20190508180553_01049417469_156_5,384 638 610 533 784 662 788 326 662 243 243 662 749 334 661 123 662 
20190508180553_01049417469_156_6,566 610 304 662 509 251 625 784 662 220 630 610 662 749 62 661 123 662 
20190508180553_01049417469_156_7,652 384 705 727 662 746 425 662 684 71 101 662 64 509 251 192 662 749 62 661 123 662 
20190508180553_01049417469_156_8,384 638 610 533 784 662 111 15 179 662 122 425 662 669 563 662 567 662 334 305 662 567 662 749 334 661 123 662 
20190508180553_01049417469_156_9,384 638 610 533 641 662 788 326 412 610 662 734 59 598 661 662 
20190508191134_01077069419_659_0,400 624 625 784 662 508 651 662 622 785 155 678 408 662 620 401 192 662 192 486 130 192 661 123 662 
20190508191134_01077069419_659_1,574 268 625 662 620 401 662 622 662 785 155 678 408 662 192 486 130 192 661 123 662 
20190508191134_01077069419_659_2,508 651 662 620 401 662 785 155 610 662 421 15 662 749 62 661 123 662 
20190508191134_01077069419_659_3,400 624 610 683 662 620 122 610 683 662 620 401 785 155 610 662 692 274 661 123 662 
20190508191134_01077069419_659_4,408 59 662 620 401 690 404 662 622 662 785 678 408 662 749 446 662 519 662 749 62 661 123 662 
20190508191134_01077069419_659_5,274 366 753 662 574 268 625 662 622 785 155 662 620 401 662 192 486 130 192 661 123 662 
20190508191134_01077069419_659_6,622 662 785 155 662 620 401 662 295 662 519 662 749 62 661 123 662 
20190508191134_01077069419_659_7,620 401 784 662 622 785 678 408 662 295 662 519 662 749 334 661 123 662 
20190508191134_01077069419_659_8,620 401 785 155 662 622 785 155 610 625 661 123 662 
20190508191134_01077069419_659_9,620 401 784 662 622 785 155 678 408 662 192 486 130 192 661 123 662 
20190508191748_01074147469_513_0,255 676 295 179 662 658 255 676 588 662 502 62 661 123 662 
20190508191748_01074147469_513_1,255 676 662 295 179 662 496 171 610 662 334 741 201 662 502 62 661 123 662 
20190508191748_01074147469_513_2,622 794 627 798 662 622 794 678 408 192 662 255 676 295 179 446 662 310 446 519 662 749 62 661 123 662 
20190508191748_01074147469_513_3,255 676 295 179 662 496 171 71 662 220 630 179 192 661 123 662 622 662 794 678 408 662 179 192 661 123 662 
20190508191748_01074147469_513_4,255 676 662 295 179 71 662 622 794 627 798 662 622 794 678 408 625 661 123 662 
20190508191748_01074147469_513_5,245 143 662 295 179 292 662 255 676 662 295 179 662 601 636 502 62 661 123 662 
20190508191748_01074147469_513_6,255 676 295 179 662 310 398 276 404 662 220 630 610 662 667 661 130 192 661 123 662 
20190508191748_01074147469_513_7,255 676 662 295 179 610 662 192 486 130 662 785 155 610 662 749 62 661 123 662 
20190508191748_01074147469_513_8,255 676 523 662 749 398 404 662 255 676 662 295 179 662 310 274 620 62 661 123 662 
20190508191748_01074147469_513_9,425 207 255 676 179 101 662 421 15 662 255 676 295 179 610 662 502 784 201 662 749 62 661 123 662 
20190508192212_01074147469_378_0,533 94 384 623 384 706 662 211 532 690 62 661 123 662 
20190508192212_01074147469_378_1,130 655 706 625 662 4 566 662 192 486 130 192 661 123 662 
20190508192212_01074147469_378_2,223 706 625 662 274 366 753 446 662 192 425 662 684 71 101 662 691 784 662 356 755 610 662 749 62 661 123 662 
20190508192212_01074147469_378_3,214 297 214 624 625 662 211 532 690 62 661 123 662 
20190508192212_01074147469_378_4,533 94 384 623 384 625 588 662 598 661 123 662 
20190508192212_01074147469_378_5,323 686 662 551 624 625 588 662 211 532 690 62 661 123 662 
20190508192212_01074147469_378_6,323 686 625 588 662 211 532 662 690 62 661 123 662 
20190508192212_01074147469_378_7,759 155 706 588 662 755 566 598 661 123 662 
20190508192212_01074147469_378_8,533 94 384 623 384 662 551 624 625 662 574 161 690 62 661 123 662 
20190508192212_01074147469_378_9,223 706 625 662 211 532 690 62 661 123 662 
20190508192247_01031919108_406_0,220 640 221 575 662 379 179 192 661 123 662 
20190508192247_01031919108_406_1,274 366 753 610 662 331 619 598 749 784 662 221 575 662 610 494 610 662 662 334 608 201 662 502 62 661 123 662 
20190508192247_01031919108_406_2,615 384 625 111 662 649 276 111 662 334 741 201 662 436 274 192 570 123 662 
20190508192247_01031919108_406_3,436 274 192 784 468 610 662 334 654 408 662 621 428 376 138 662 739 276 620 428 661 662 
20190508192247_01031919108_406_4,274 366 753 662 102 143 192 662 334 808 179 192 661 123 662 
20190508192247_01031919108_406_5,111 174 658 662 331 145 125 625 111 662 192 678 476 662 424 625 662 749 62 661 123 662 
20190508192247_01031919108_406_6,718 464 619 662 334 808 625 662 749 62 661 123 662 
20190508192247_01031919108_406_7,86 603 610 683 662 192 678 476 662 102 143 625 662 749 62 661 123 662 
20190508192247_01031919108_406_8,192 678 476 662 615 384 761 326 755 610 662 334 654 192 661 123 662 
20190508192247_01031919108_406_9,510 2 662 705 425 662 192 276 425 662 690 784 101 662 620 617 625 662 510 2 125 610 662 749 62 661 123 662 
20190508201000_01098510604_819_0,211 532 662 785 155 610 662 334 741 201 662 112 337 678 123 662 
20190508201000_01098510604_819_1,620 122 625 662 211 532 598 661 123 662 
20190508201000_01098510604_819_2,213 567 662 800 631 662 502 62 661 123 662 
20190508201000_01098510604_819_3,800 631 662 660 623 62 662 103 276 661 123 662 
20190508201000_01098510604_819_4,691 496 662 334 654 101 662 800 631 662 244 661 123 662 
20190508201000_01098510604_819_5,455 151 534 662 412 334 592 662 621 94 662 749 62 661 123 662 
20190508201000_01098510604_819_6,355 94 670 662 450 163 686 610 662 749 446 678 661 123 662 
20190508201000_01098510604_819_7,659 192 662 758 662 621 94 662 450 163 662 416 678 661 123 662 
20190508201000_01098510604_819_8,621 94 662 749 334 661 123 662 
20190508201000_01098510604_819_9,783 423 686 610 662 749 446 678 661 662 
20190508203517_01063995230_762_0,800 631 662 502 784 662 509 251 192 662 761 598 299 662 749 62 661 123 662 
20190508203517_01063995230_762_1,355 259 575 71 662 334 741 201 662 436 446 662 519 662 749 570 123 662 
20190508203517_01063995230_762_2,485 304 185 446 662 345 425 662 317 662 380 662 692 71 101 662 436 274 685 620 259 662 519 662 749 62 661 123 662 
20190508203517_01063995230_762_3,437 755 259 625 662 652 602 143 727 662 345 425 95 784 101 662 130 469 662 436 274 685 620 428 661 249 662 
20190508203517_01063995230_762_4,485 304 185 446 662 345 425 662 206 784 101 662 34 785 662 508 529 62 661 123 662 
20190508203517_01063995230_762_5,609 524 588 662 800 631 610 662 192 486 130 192 661 123 662 
20190508203517_01063995230_762_6,274 366 753 662 79 615 144 662 60 185 398 15 662 620 480 690 784 662 509 251 588 662 800 631 662 192 486 130 192 661 123 662 
20190508203517_01063995230_762_7,113 503 662 800 631 662 192 486 130 192 661 123 662 
20190508203517_01063995230_762_8,573 763 304 326 588 662 800 631 662 192 486 130 192 661 123 662 
20190508203517_01063995230_762_9,192 755 662 497 610 662 800 631 502 784 662 609 4 71 662 220 630 179 192 661 123 662 
20190508204407_01063995230_548_0,245 143 705 63 625 662 450 163 662 192 486 130 192 661 662 123 662 
20190508204407_01063995230_548_1,274 496 461 662 662 487 192 664 610 683 662 250 533 662 171 513 662 502 570 123 662 
20190508204407_01063995230_548_2,274 496 192 662 174 678 685 662 197 761 502 784 101 662 692 610 192 588 662 127 76 446 678 661 123 662 
20190508204407_01063995230_548_3,274 610 192 662 746 446 662 609 524 519 588 662 749 62 661 123 662 
20190508204407_01063995230_548_4,519 559 259 610 662 421 15 662 749 62 661 123 662 
20190508204407_01063995230_548_5,274 496 461 662 609 524 192 662 421 15 662 749 62 661 123 662 
20190508204407_01063995230_548_6,509 251 662 690 62 727 662 274 496 662 213 391 625 662 421 15 62 146 111 662 452 274 662 620 259 662 519 662 749 62 661 123 662 
20190508204407_01063995230_548_7,274 496 662 519 32 662 233 191 690 276 784 101 662 37 567 476 662 575 662 813 519 662 749 62 661 123 662 
20190508204407_01063995230_548_8,519 559 259 71 662 334 808 625 661 123 662 
20190508204407_01063995230_548_9,669 563 662 424 398 15 662 610 510 295 662 380 179 192 661 123 662 
20190508222123_01063280616_223_0,214 151 534 662 592 605 101 662 450 163 662 192 486 690 570 123 662 
20190508222123_01063280616_223_1,649 624 662 574 268 662 675 785 625 662 450 163 662 192 486 130 192 661 123 662 
20190508222123_01063280616_223_2,620 122 662 245 143 662 450 163 662 192 486 130 192 661 123 662 
20190508222123_01063280616_223_3,34 785 662 610 469 620 662 624 661 624 662 214 455 785 390 662 621 94 749 62 661 123 662 
20190508222123_01063280616_223_4,624 661 624 662 619 126 785 155 662 450 163 690 425 662 684 71 101 661 662 
20190508222123_01063280616_223_5,610 469 662 140 661 624 662 214 455 785 625 662 450 163 662 192 486 130 192 661 123 662 
20190508222123_01063280616_223_6,649 624 662 574 268 662 675 785 662 450 163 295 662 519 662 749 446 678 661 123 662 
20190508222123_01063280616_223_7,552 785 625 662 192 276 425 662 690 784 101 662 192 486 130 192 661 123 662 
20190508222123_01063280616_223_8,455 675 534 662 783 423 588 662 450 163 662 192 486 130 192 661 123 662 
20190508222123_01063280616_223_9,795 407 4 446 662 690 276 425 690 784 101 662 622 662 621 94 678 408 662 192 486 130 192 661 123 662 
20190508233612_01063995230_896_0,450 163 662 690 425 684 396 337 669 662 
20190508233612_01063995230_896_1,518 480 662 250 755 662 450 163 690 276 425 662 690 784 101 661 662 
20190508233612_01063995230_896_2,620 401 399 155 662 480 641 690 276 425 662 510 437 304 147 396 337 669 662 
20190508233612_01063995230_896_3,450 163 662 168 233 662 633 480 625 662 510 437 304 147 396 337 669 662 
20190508233612_01063995230_896_4,518 480 662 250 755 662 450 163 690 276 425 662 510 437 304 147 396 337 669 662 
20190508233612_01063995230_896_5,649 624 662 450 163 690 425 684 334 661 662 
